p4
                               0
                            9  0  9
                         8  9  0  9  8
                      7  8  9  0  9  8  7
                   6  7  8  9  0  9  8  7  6
                5  6  7  8  9  0  9  8  7  6  5
             4  5  6  7  8  9  0  9  8  7  6  5  4
          3  4  5  6  7  8  9  0  9  8  7  6  5  4  3
       2  3  4  5  6  7  8  9  0  9  8  7  6  5  4  3  2
    1  2  3  4  5  6  7  8  9  0  9  8  7  6  5  4  3  2  1

p3
            1
          2  0  2
       3  0  0  0  3
    4  0  0  0  0  0  4
 5  0  0  0  0  0  0  0  5

p2
           *
          *  !  *
       *  !  *  !  *
    *  !  *  !  *  !  *
 *  !  *  !  *  !  *  !  *

p1
 *           *
    *     *
       *
    *     *
 *           *